b通道[0.26959559;
 0.1347978;
 0.1347978;
 0;
 0.26959559;
 0.40439337;
 0.26959559;
 0.26959559;
 0.1347978;
 0.1347978;
 0.26959559;
 0.40439337;
 0.40439337;
 2.2915626;
 2.0219669;
 2.695956;
 7.0094852;
 32.486267;
 13.749375;
 17.388916;
 15.097353;
 25.74638;
 18.871691;
 23.859209;
 22.241636;
 28.037941;
 31.003492;
 25.881176;
 33.295055;
 24.802795;
 38.956562;
 35.991013;
 57.558659;
 54.727905;
 56.749874;
 112.82575;
 116.73489;
 124.95756;
 96.784821;
 161.48776;
 133.18022;
 176.58511;
 129.40588;
 179.82027;
 140.4593;
 147.06439;
 148.68198;
 181.43784;
 205.83624;
 188.44733;
 208.3974;
 198.96155;
 239.94008;
 204.08386;
 216.35046;
 212.57613;
 215.13728;
 207.993;
 208.5322;
 216.48526;
 207.45381;
 198.28755;
 209.88017;
 237.78331;
 231.44781;
 249.10632;
 270;
 256.25061;
 241.28806;
 237.91811;
 228.61707;
 215.54167;
 219.04642;
 208.80179;
 188.04292;
 191.27808;
 184.67299;
 162.56615;
 160.94856;
 160.13979;
 155.01747;
 157.17422;
 135.20219;
 141.53769;
 145.85121;
 131.56265;
 135.47179;
 125.63155;
 124.68797;
 123.74438;
 124.95756;
 108.37743;
 94.358459;
 101.63754;
 90.853714;
 88.427353;
 91.392906;
 88.966545;
 91.797302;
 86.135796;
 86.135796;
 88.562149;
 89.910133;
 84.113823;
 91.123314;
 74.273582;
 78.182724;
 77.778328;
 74.00399;
 70.768845;
 68.072884;
 78.452316;
 79.395905;
 73.330002;
 69.420868;
 69.420868;
 75.891159;
 71.577629;
 71.577629;
 77.778328;
 86.405388;
 80.204689;
 90.04493;
 89.101341;
 82.765846;
 83.844231;
 91.392906;
 75.217171;
 85.4618;
 79.800293;
 74.273582;
 80.339485;
 67.803291;
 64.43335;
 65.511726;
 64.028954;
 58.232647;
 62.680977;
 55.941086;
 57.828255;
 50.818768;
 58.097851;
 61.602592;
 61.1982;
 57.423862;
 53.379929;
 59.041435;
 55.941086;
 59.311031;
 54.458309;
 59.041435;
 56.88467;
 54.188713;
 53.110332;
 50.683971;
 52.301544;
 49.740387;
 41.248127;
 39.495754;
 38.686966;
 42.191711;
 35.721416;
 38.417374;
 35.45182;
 32.216675;
 27.768347;
 27.363953;
 27.768347;
 26.824762;
 27.903145;
 27.633549;
 24.667997;
 21.43285;
 21.163254;
 19.950073;
 24.128805;
 22.241636;
 18.467299;
 22.376434;
 19.950073;
 16.849724;
 18.197702;
 17.254118;
 18.197702;
 18.736895;
 15.501746;
 17.793308;
 17.928106;
 15.097353;
 15.771342;
 16.040937;
 18.871691;
 22.780828;
 21.43285;
 24.937592;
 23.185221;
 25.881176;
 21.43285;
 22.780828;
 17.928106;
 17.658512;
 16.175735;
 15.771342;
 15.90614;
 14.962556;
 19.680479;
 18.467299;
 21.028456;
 21.43285;
 19.141287;
 17.11932;
 17.658512;
 15.366949;
 16.040937;
 17.928106;
 18.197702;
 20.489265;
 20.489265;
 18.871691;
 19.950073;
 22.915625;
 26.28557;
 31.947079;
 20.758862;
 23.185221;
 21.97204;
 21.837242;
 22.241636;
 24.937592;
 33.564651;
 24.802795;
 23.994007;
 18.062904;
 13.210184;
 9.5706434;
 10.918621;
 9.1662502;
 9.3010483;
 7.9530702;
 7.9530702;
 9.5706434;
 12.2666;
 9.5706434;
 10.109835;
 19.815275;
 9.5706434;
 14.962556;
 8.3574638;
 8.3574638;
 5.9311032;
 4.9875183;
 3.9091361;
 3.5047426;
 5.6615076;
 3.6395404;
 3.1003494]
g通道[0;
 0.18756512;
 0;
 0.18756512;
 0.093782574;
 0.93782568;
 1.3129559;
 1.7818688;
 6.6585622;
 19.412992;
 21.757557;
 12.566863;
 9.5658216;
 13.973602;
 15.098992;
 21.56999;
 19.881905;
 34.980896;
 32.073639;
 42.014591;
 43.702675;
 39.201115;
 55.331715;
 72.306358;
 83.935394;
 94.063911;
 97.533867;
 121.91734;
 134.10907;
 145.83188;
 159.05522;
 212.41751;
 224.89059;
 227.42271;
 240.55228;
 260.05905;
 270.00003;
 256.21399;
 241.58388;
 231.08023;
 228.26675;
 243.17819;
 198.91281;
 201.63251;
 199.85065;
 200.13199;
 215.51233;
 213.07399;
 213.54289;
 184.93921;
 164.40083;
 153.24071;
 149.11427;
 141.23654;
 137.76659;
 129.79506;
 126.51268;
 121.72977;
 108.60021;
 109.35047;
 106.53699;
 96.220917;
 92.750961;
 91.625565;
 85.81105;
 82.059746;
 78.87114;
 81.121918;
 75.401184;
 76.245224;
 73.244186;
 63.67836;
 65.554016;
 61.896496;
 68.555054;
 70.618271;
 64.803757;
 64.05349;
 66.022926;
 60.677322;
 54.581455;
 57.957626;
 58.238976;
 55.237934;
 58.80167;
 52.612019;
 53.924976;
 49.798542;
 54.300106;
 55.050365;
 52.330673;
 53.080933;
 49.235847;
 47.07885;
 50.455021;
 50.455021;
 47.829109;
 44.265373;
 48.110458;
 43.702675;
 43.702675;
 43.890244;
 41.639462;
 42.295937;
 40.232723;
 39.670025;
 37.794376;
 40.232723;
 38.450851;
 43.233765;
 45.296982;
 41.827026;
 38.638416;
 42.295937;
 38.357071;
 39.48246;
 41.733242;
 39.670025;
 36.481419;
 34.605766;
 27.572075;
 29.635292;
 29.26016;
 28.416119;
 28.509901;
 27.38451;
 25.415075;
 25.22751;
 27.38451;
 24.664816;
 26.634249;
 26.352901;
 25.415075;
 21.757557;
 25.977772;
 24.102119;
 19.131643;
 19.600557;
 21.101078;
 21.945122;
 20.350817;
 19.131643;
 18.850296;
 17.53734;
 16.693298;
 15.00521;
 14.161167;
 13.692254;
 14.723863;
 15.661689;
 15.380341;
 12.097951;
 12.941994;
 12.191733;
 11.160125;
 13.692254;
 11.441473;
 12.191733;
 10.2223;
 9.7533865;
 9.9409513;
 9.0031261;
 8.5342131;
 7.971518;
 8.8155613;
 8.5342131;
 8.3466482;
 9.5658216;
 9.6596041;
 8.2528658;
 7.408823;
 8.7217779;
 7.971518;
 10.409864;
 7.8777356;
 9.8471689;
 10.128517;
 10.97256;
 9.3782558;
 11.347691;
 10.503647;
 9.2844734;
 8.1590834;
 7.3150401;
 9.7533865;
 8.1590834;
 10.784995;
 10.316082;
 8.2528658;
 7.408823;
 7.8777356;
 9.0031261;
 10.128517;
 9.8471689;
 8.1590834;
 11.72282;
 10.409864;
 13.035776;
 10.409864;
 9.3782558;
 11.441473;
 10.784995;
 10.597429;
 9.190691;
 11.441473;
 9.4720392;
 11.066342;
 10.316082;
 8.7217779;
 9.8471689;
 8.3466482;
 10.97256;
 10.503647;
 11.72282;
 10.128517;
 12.754429;
 9.5658216;
 10.691213;
 12.004169;
 10.2223;
 11.535255;
 12.566863;
 12.379298;
 13.035776;
 9.9409513;
 10.409864;
 11.629038;
 12.566863;
 12.941994;
 14.442514;
 15.098992;
 14.911427;
 16.693298;
 16.318167;
 10.2223;
 12.285516;
 9.8471689;
 9.3782558;
 9.8471689;
 14.067385;
 12.848211;
 10.2223;
 8.6279955;
 14.723863;
 12.004169;
 11.535255;
 9.7533865;
 9.6596041;
 8.0653;
 8.8155613;
 9.2844734;
 7.8777356;
 7.3150401;
 5.1580415;
 12.379298;
 6.6585622]
r通道[0;
 0.27635616;
 0.82906854;
 0.96724665;
 0.55271238;
 1.9344933;
 3.5926304;
 16.443193;
 17.824974;
 32.471851;
 26.944729;
 33.577274;
 58.725689;
 84.703171;
 158.07573;
 136.10542;
 152.96315;
 201.46365;
 206.43806;
 249.68781;
 207.95802;
 262.40021;
 248.72057;
 223.01944;
 254.52405;
 230.89558;
 232.00102;
 234.48822;
 270;
 238.35721;
 223.29579;
 244.85158;
 209.06345;
 216.24872;
 199.66734;
 198.0092;
 162.77379;
 145.08699;
 147.15967;
 138.03992;
 126.8475;
 129.05833;
 115.79324;
 111.92426;
 123.6694;
 109.1607;
 111.92426;
 105.01536;
 109.1607;
 106.53532;
 104.04811;
 100.87001;
 100.04094;
 98.659164;
 101.00819;
 106.12078;
 105.15353;
 107.91709;
 98.244629;
 115.37871;
 119.2477;
 126.8475;
 119.66223;
 115.24053;
 107.91709;
 118.97134;
 119.2477;
 106.94984;
 114.96418;
 108.88434;
 114.68782;
 112.47697;
 103.08086;
 108.19345;
 99.626411;
 100.17912;
 106.94984;
 100.87001;
 98.244629;
 104.87717;
 100.73183;
 93.822929;
 91.888435;
 89.677589;
 81.110542;
 78.761513;
 73.372574;
 70.194473;
 80.143295;
 75.721596;
 72.405327;
 74.063461;
 70.747185;
 76.274307;
 73.372574;
 78.346985;
 82.768684;
 83.597748;
 85.25589;
 81.663254;
 76.412491;
 70.194473;
 72.405327;
 68.536339;
 65.772774;
 68.259979;
 69.918121;
 72.543503;
 63.285564;
 69.779938;
 62.041962;
 63.561924;
 57.620262;
 57.343906;
 48.224155;
 51.264072;
 45.875126;
 47.80962;
 44.216988;
 50.02047;
 44.907879;
 51.816784;
 47.256908;
 49.329578;
 52.231319;
 49.053223;
 43.38792;
 50.296825;
 47.256908;
 40.486179;
 41.867962;
 41.31525;
 40.900715;
 43.38792;
 39.933468;
 42.144318;
 44.493343;
 35.649948;
 37.722618;
 40.209824;
 41.038891;
 33.577274;
 37.446262;
 35.097233;
 40.348003;
 41.177071;
 36.893551;
 36.06448;
 36.06448;
 33.85363;
 31.642784;
 37.308083;
 31.366428;
 32.333672;
 38.966221;
 34.820877;
 38.27533;
 42.420673;
 37.446262;
 34.12999;
 32.057316;
 31.919142;
 37.446262;
 34.268166;
 32.610027;
 34.544521;
 34.544521;
 34.268166;
 31.504606;
 37.031727;
 33.85363;
 40.071648;
 34.682701;
 40.900715;
 34.682701;
 36.340836;
 29.846468;
 38.27533;
 31.366428;
 35.097233;
 31.090071;
 34.406345;
 30.122826;
 29.293756;
 34.406345;
 25.839304;
 29.984648;
 26.806551;
 28.326509;
 30.122826;
 30.122826;
 29.846468;
 28.879223;
 28.602865;
 28.050154;
 25.286592;
 29.70829;
 28.602865;
 29.70829;
 32.333672;
 31.090071;
 25.148413;
 29.155579;
 27.082907;
 25.286592;
 26.392015;
 26.392015;
 27.221085;
 26.944729;
 24.457523;
 27.221085;
 30.122826;
 28.464687;
 30.951893;
 29.293756;
 27.911976;
 28.741043;
 30.261003;
 28.188332;
 28.602865;
 28.188332;
 27.082907;
 27.359262;
 28.464687;
 29.431934;
 28.188332;
 30.675537;
 28.188332;
 28.464687;
 28.050154;
 33.99181;
 31.504606;
 31.366428;
 31.919142;
 39.795288;
 39.518932;
 37.998974;
 38.27533;
 32.748207;
 31.919142;
 35.788124;
 32.195496;
 39.795288;
 36.617195;
 35.649948;
 37.446262;
 38.966221;
 36.617195;
 45.046059;
 45.46059;
 64.805527;
 73.51075;
 76.550667;
 86.914024;
 79.314232;
 112.20061]